//Exported ASCII-File
[Header]
FileName = D:\User\DDBB\Lasse\20251010\LysozymeC and PEG8K standard curve remaining samples.wip
GraphName = Spectrum--062--Spec.Data 1 MQ 10mW
SizeX = 1
SizeY = 1
SizeGraph = 2000
PositionUnit = ”m
PositionX = 1654.325
PositionY = -1835.7
PositionZ = 0
XAxisUnit = rel. 1/cm
DataUnit = CCD cts

[Data]
X-Axis	Spectrum--062--Spec.Data 1 MQ 10mW
rel. 1/cm	CCD cts
-4.54513E+02	 5.57000E+02
-4.51595E+02	 5.60000E+02
-4.48679E+02	 5.51000E+02
-4.45763E+02	 5.61000E+02
-4.42848E+02	 5.51000E+02
-4.39935E+02	 5.61000E+02
-4.37022E+02	 5.60000E+02
-4.34111E+02	 5.72000E+02
-4.31201E+02	 5.60000E+02
-4.28291E+02	 5.59000E+02
-4.25383E+02	 5.74000E+02
-4.22476E+02	 5.53000E+02
-4.19569E+02	 5.66000E+02
-4.16664E+02	 5.64000E+02
-4.13760E+02	 5.63000E+02
-4.10857E+02	 5.65000E+02
-4.07955E+02	 5.74000E+02
-4.05054E+02	 5.64000E+02
-4.02154E+02	 5.64000E+02
-3.99255E+02	 5.66000E+02
-3.96357E+02	 5.61000E+02
-3.93460E+02	 5.67000E+02
-3.90564E+02	 5.71000E+02
-3.87669E+02	 5.73000E+02
-3.84775E+02	 5.61000E+02
-3.81883E+02	 5.73000E+02
-3.78991E+02	 5.70000E+02
-3.76100E+02	 5.69000E+02
-3.73210E+02	 5.81000E+02
-3.70322E+02	 5.65000E+02
-3.67434E+02	 5.72000E+02
-3.64547E+02	 5.60000E+02
-3.61662E+02	 5.90000E+02
-3.58777E+02	 5.58000E+02
-3.55893E+02	 5.68000E+02
-3.53011E+02	 5.61000E+02
-3.50129E+02	 5.80000E+02
-3.47249E+02	 5.69000E+02
-3.44369E+02	 5.80000E+02
-3.41491E+02	 5.78000E+02
-3.38613E+02	 5.77000E+02
-3.35737E+02	 5.82000E+02
-3.32861E+02	 5.87000E+02
-3.29987E+02	 5.87000E+02
-3.27114E+02	 5.72000E+02
-3.24241E+02	 5.91000E+02
-3.21370E+02	 5.71000E+02
-3.18499E+02	 5.72000E+02
-3.15630E+02	 5.81000E+02
-3.12762E+02	 5.94000E+02
-3.09894E+02	 5.85000E+02
-3.07028E+02	 5.79000E+02
-3.04163E+02	 5.74000E+02
-3.01298E+02	 5.89000E+02
-2.98435E+02	 5.81000E+02
-2.95573E+02	 5.91000E+02
-2.92711E+02	 5.79000E+02
-2.89851E+02	 5.90000E+02
-2.86992E+02	 5.90000E+02
-2.84133E+02	 5.73000E+02
-2.81276E+02	 6.03000E+02
-2.78420E+02	 5.96000E+02
-2.75564E+02	 5.98000E+02
-2.72710E+02	 5.92000E+02
-2.69857E+02	 6.12000E+02
-2.67004E+02	 5.93000E+02
-2.64153E+02	 6.07000E+02
-2.61303E+02	 6.09000E+02
-2.58453E+02	 5.93000E+02
-2.55605E+02	 6.07000E+02
-2.52758E+02	 6.05000E+02
-2.49911E+02	 6.10000E+02
-2.47066E+02	 6.14000E+02
-2.44222E+02	 6.27000E+02
-2.41378E+02	 6.20000E+02
-2.38536E+02	 6.21000E+02
-2.35694E+02	 6.23000E+02
-2.32854E+02	 6.13000E+02
-2.30015E+02	 6.44000E+02
-2.27176E+02	 6.37000E+02
-2.24339E+02	 6.59000E+02
-2.21502E+02	 6.26000E+02
-2.18667E+02	 6.50000E+02
-2.15832E+02	 6.52000E+02
-2.12999E+02	 6.51000E+02
-2.10166E+02	 6.67000E+02
-2.07335E+02	 6.89000E+02
-2.04504E+02	 6.97000E+02
-2.01674E+02	 6.94000E+02
-1.98846E+02	 6.84000E+02
-1.96018E+02	 6.87000E+02
-1.93192E+02	 6.92000E+02
-1.90366E+02	 6.86000E+02
-1.87541E+02	 6.92000E+02
-1.84717E+02	 7.11000E+02
-1.81895E+02	 7.04000E+02
-1.79073E+02	 6.99000E+02
-1.76252E+02	 7.15000E+02
-1.73432E+02	 7.17000E+02
-1.70613E+02	 7.46000E+02
-1.67796E+02	 7.26000E+02
-1.64979E+02	 7.41000E+02
-1.62163E+02	 7.39000E+02
-1.59348E+02	 7.56000E+02
-1.56534E+02	 7.73000E+02
-1.53721E+02	 7.69000E+02
-1.50909E+02	 7.36000E+02
-1.48098E+02	 7.46000E+02
-1.45287E+02	 7.51000E+02
-1.42478E+02	 7.66000E+02
-1.39670E+02	 7.70000E+02
-1.36863E+02	 8.09000E+02
-1.34057E+02	 7.86000E+02
-1.31251E+02	 7.94000E+02
-1.28447E+02	 7.92000E+02
-1.25643E+02	 8.19000E+02
-1.22841E+02	 8.23000E+02
-1.20040E+02	 8.08000E+02
-1.17239E+02	 8.39000E+02
-1.14439E+02	 8.48000E+02
-1.11641E+02	 8.56000E+02
-1.08843E+02	 8.56000E+02
-1.06047E+02	 8.91000E+02
-1.03251E+02	 8.81000E+02
-1.00456E+02	 8.74000E+02
-9.76623E+01	 9.10000E+02
-9.48694E+01	 9.39000E+02
-9.20775E+01	 9.22000E+02
-8.92865E+01	 9.57000E+02
-8.64965E+01	 9.45000E+02
-8.37075E+01	 1.00600E+03
-8.09194E+01	 1.00600E+03
-7.81322E+01	 1.07600E+03
-7.53460E+01	 1.07800E+03
-7.25607E+01	 1.11000E+03
-6.97764E+01	 1.11000E+03
-6.69930E+01	 1.15900E+03
-6.42106E+01	 1.22500E+03
-6.14291E+01	 1.22200E+03
-5.86486E+01	 1.25300E+03
-5.58690E+01	 1.28300E+03
-5.30904E+01	 1.33700E+03
-5.03127E+01	 1.41300E+03
-4.75359E+01	 1.45200E+03
-4.47601E+01	 1.48800E+03
-4.19852E+01	 1.56000E+03
-3.92113E+01	 1.66700E+03
-3.64383E+01	 1.70000E+03
-3.36662E+01	 1.73000E+03
-3.08951E+01	 1.90000E+03
-2.81249E+01	 2.04600E+03
-2.53557E+01	 2.19900E+03
-2.25874E+01	 2.38800E+03
-1.98200E+01	 2.55600E+03
-1.70536E+01	 2.83600E+03
-1.42880E+01	 3.15400E+03
-1.15235E+01	 3.57900E+03
-8.75983E+00	 3.81800E+03
-5.99712E+00	 4.64000E+03
-3.23534E+00	 6.23000E+03
-4.74497E-01	 7.22200E+03
 2.28542E+00	 7.26500E+03
 5.04441E+00	 6.36000E+03
 7.80247E+00	 5.16000E+03
 1.05596E+01	 4.39800E+03
 1.33158E+01	 3.90000E+03
 1.60711E+01	 3.41200E+03
 1.88254E+01	 3.04900E+03
 2.15789E+01	 2.77300E+03
 2.43314E+01	 2.52900E+03
 2.70829E+01	 2.35100E+03
 2.98336E+01	 2.26200E+03
 3.25833E+01	 2.09600E+03
 3.53321E+01	 2.00000E+03
 3.80800E+01	 1.92200E+03
 4.08270E+01	 1.89800E+03
 4.35730E+01	 1.79100E+03
 4.63181E+01	 1.74600E+03
 4.90624E+01	 1.70500E+03
 5.18056E+01	 1.61900E+03
 5.45480E+01	 1.56900E+03
 5.72895E+01	 1.55500E+03
 6.00300E+01	 1.51600E+03
 6.27696E+01	 1.47400E+03
 6.55083E+01	 1.42200E+03
 6.82461E+01	 1.38200E+03
 7.09830E+01	 1.34400E+03
 7.37190E+01	 1.30400E+03
 7.64540E+01	 1.30000E+03
 7.91881E+01	 1.19300E+03
 8.19214E+01	 1.25100E+03
 8.46537E+01	 1.20200E+03
 8.73851E+01	 1.16200E+03
 9.01156E+01	 1.17600E+03
 9.28452E+01	 1.20100E+03
 9.55739E+01	 1.11600E+03
 9.83016E+01	 1.10600E+03
 1.01029E+02	 1.08800E+03
 1.03754E+02	 1.11400E+03
 1.06480E+02	 1.09900E+03
 1.09204E+02	 1.05900E+03
 1.11927E+02	 1.06200E+03
 1.14649E+02	 1.06600E+03
 1.17371E+02	 1.04300E+03
 1.20091E+02	 1.06500E+03
 1.22811E+02	 1.03600E+03
 1.25530E+02	 1.06000E+03
 1.28247E+02	 1.06400E+03
 1.30964E+02	 1.04900E+03
 1.33680E+02	 1.01500E+03
 1.36396E+02	 1.00900E+03
 1.39110E+02	 1.04700E+03
 1.41823E+02	 1.03600E+03
 1.44536E+02	 1.05000E+03
 1.47247E+02	 1.02300E+03
 1.49958E+02	 1.02700E+03
 1.52667E+02	 1.01500E+03
 1.55376E+02	 9.78000E+02
 1.58084E+02	 1.02200E+03
 1.60791E+02	 9.91000E+02
 1.63498E+02	 9.93000E+02
 1.66203E+02	 9.59000E+02
 1.68907E+02	 9.58000E+02
 1.71611E+02	 1.04800E+03
 1.74313E+02	 9.72000E+02
 1.77015E+02	 9.59000E+02
 1.79716E+02	 9.85000E+02
 1.82416E+02	 9.72000E+02
 1.85115E+02	 9.40000E+02
 1.87813E+02	 9.60000E+02
 1.90510E+02	 9.09000E+02
 1.93207E+02	 9.18000E+02
 1.95902E+02	 9.30000E+02
 1.98597E+02	 9.19000E+02
 2.01291E+02	 8.96000E+02
 2.03983E+02	 9.10000E+02
 2.06675E+02	 9.09000E+02
 2.09367E+02	 8.84000E+02
 2.12057E+02	 9.04000E+02
 2.14746E+02	 8.78000E+02
 2.17435E+02	 8.76000E+02
 2.20122E+02	 8.73000E+02
 2.22809E+02	 8.62000E+02
 2.25495E+02	 8.19000E+02
 2.28180E+02	 8.61000E+02
 2.30864E+02	 8.37000E+02
 2.33547E+02	 8.41000E+02
 2.36229E+02	 8.35000E+02
 2.38910E+02	 8.28000E+02
 2.41591E+02	 8.28000E+02
 2.44271E+02	 8.36000E+02
 2.46949E+02	 8.01000E+02
 2.49627E+02	 8.03000E+02
 2.52304E+02	 8.05000E+02
 2.54981E+02	 8.13000E+02
 2.57656E+02	 7.68000E+02
 2.60330E+02	 7.80000E+02
 2.63004E+02	 7.73000E+02
 2.65677E+02	 7.66000E+02
 2.68348E+02	 7.70000E+02
 2.71019E+02	 7.98000E+02
 2.73689E+02	 7.69000E+02
 2.76359E+02	 7.71000E+02
 2.79027E+02	 7.64000E+02
 2.81695E+02	 7.69000E+02
 2.84361E+02	 7.48000E+02
 2.87027E+02	 7.83000E+02
 2.89692E+02	 7.49000E+02
 2.92356E+02	 7.70000E+02
 2.95019E+02	 7.31000E+02
 2.97681E+02	 7.39000E+02
 3.00343E+02	 7.60000E+02
 3.03003E+02	 7.41000E+02
 3.05663E+02	 7.37000E+02
 3.08322E+02	 7.35000E+02
 3.10980E+02	 7.45000E+02
 3.13637E+02	 7.42000E+02
 3.16293E+02	 7.61000E+02
 3.18949E+02	 7.42000E+02
 3.21603E+02	 7.14000E+02
 3.24257E+02	 7.50000E+02
 3.26910E+02	 7.23000E+02
 3.29562E+02	 7.41000E+02
 3.32213E+02	 7.49000E+02
 3.34863E+02	 7.46000E+02
 3.37512E+02	 7.33000E+02
 3.40161E+02	 7.22000E+02
 3.42809E+02	 7.41000E+02
 3.45456E+02	 7.51000E+02
 3.48102E+02	 7.27000E+02
 3.50747E+02	 7.32000E+02
 3.53391E+02	 7.25000E+02
 3.56034E+02	 7.45000E+02
 3.58677E+02	 7.32000E+02
 3.61319E+02	 7.25000E+02
 3.63960E+02	 7.39000E+02
 3.66600E+02	 7.43000E+02
 3.69239E+02	 7.48000E+02
 3.71877E+02	 7.35000E+02
 3.74515E+02	 7.41000E+02
 3.77151E+02	 7.43000E+02
 3.79787E+02	 7.15000E+02
 3.82422E+02	 7.37000E+02
 3.85056E+02	 7.19000E+02
 3.87690E+02	 7.25000E+02
 3.90322E+02	 7.37000E+02
 3.92954E+02	 7.32000E+02
 3.95584E+02	 7.50000E+02
 3.98214E+02	 7.35000E+02
 4.00843E+02	 7.18000E+02
 4.03472E+02	 7.20000E+02
 4.06099E+02	 7.33000E+02
 4.08725E+02	 7.35000E+02
 4.11351E+02	 7.34000E+02
 4.13976E+02	 7.22000E+02
 4.16600E+02	 7.24000E+02
 4.19223E+02	 7.66000E+02
 4.21846E+02	 7.32000E+02
 4.24467E+02	 7.58000E+02
 4.27088E+02	 7.34000E+02
 4.29708E+02	 7.47000E+02
 4.32327E+02	 7.49000E+02
 4.34945E+02	 7.46000E+02
 4.37562E+02	 7.49000E+02
 4.40179E+02	 7.43000E+02
 4.42794E+02	 7.37000E+02
 4.45409E+02	 7.29000E+02
 4.48023E+02	 7.46000E+02
 4.50636E+02	 7.28000E+02
 4.53249E+02	 7.31000E+02
 4.55860E+02	 7.40000E+02
 4.58471E+02	 7.59000E+02
 4.61081E+02	 7.22000E+02
 4.63690E+02	 7.37000E+02
 4.66298E+02	 7.28000E+02
 4.68905E+02	 7.41000E+02
 4.71512E+02	 7.42000E+02
 4.74117E+02	 7.22000E+02
 4.76722E+02	 7.29000E+02
 4.79326E+02	 7.41000E+02
 4.81930E+02	 7.53000E+02
 4.84532E+02	 7.32000E+02
 4.87134E+02	 6.99000E+02
 4.89734E+02	 7.67000E+02
 4.92334E+02	 7.48000E+02
 4.94933E+02	 7.16000E+02
 4.97532E+02	 7.32000E+02
 5.00129E+02	 7.44000E+02
 5.02726E+02	 7.33000E+02
 5.05322E+02	 7.14000E+02
 5.07917E+02	 7.28000E+02
 5.10511E+02	 7.28000E+02
 5.13104E+02	 7.15000E+02
 5.15697E+02	 7.32000E+02
 5.18288E+02	 7.45000E+02
 5.20879E+02	 7.13000E+02
 5.23469E+02	 7.07000E+02
 5.26059E+02	 7.43000E+02
 5.28647E+02	 7.06000E+02
 5.31235E+02	 7.25000E+02
 5.33822E+02	 7.31000E+02
 5.36408E+02	 7.34000E+02
 5.38993E+02	 7.31000E+02
 5.41577E+02	 7.47000E+02
 5.44161E+02	 7.05000E+02
 5.46744E+02	 7.33000E+02
 5.49326E+02	 7.47000E+02
 5.51907E+02	 7.24000E+02
 5.54487E+02	 7.55000E+02
 5.57066E+02	 7.44000E+02
 5.59645E+02	 7.43000E+02
 5.62223E+02	 7.60000E+02
 5.64800E+02	 7.40000E+02
 5.67376E+02	 7.10000E+02
 5.69952E+02	 7.54000E+02
 5.72527E+02	 7.30000E+02
 5.75100E+02	 7.46000E+02
 5.77674E+02	 7.42000E+02
 5.80246E+02	 7.42000E+02
 5.82817E+02	 7.43000E+02
 5.85388E+02	 7.23000E+02
 5.87958E+02	 7.34000E+02
 5.90527E+02	 7.27000E+02
 5.93095E+02	 7.37000E+02
 5.95662E+02	 7.28000E+02
 5.98229E+02	 7.40000E+02
 6.00795E+02	 7.29000E+02
 6.03360E+02	 7.09000E+02
 6.05924E+02	 7.31000E+02
 6.08487E+02	 7.16000E+02
 6.11050E+02	 7.02000E+02
 6.13612E+02	 6.93000E+02
 6.16173E+02	 7.09000E+02
 6.18733E+02	 7.27000E+02
 6.21292E+02	 7.05000E+02
 6.23851E+02	 6.90000E+02
 6.26409E+02	 7.10000E+02
 6.28966E+02	 7.23000E+02
 6.31522E+02	 7.01000E+02
 6.34078E+02	 7.05000E+02
 6.36632E+02	 7.00000E+02
 6.39186E+02	 7.13000E+02
 6.41739E+02	 7.10000E+02
 6.44291E+02	 6.99000E+02
 6.46843E+02	 6.83000E+02
 6.49394E+02	 6.97000E+02
 6.51943E+02	 7.11000E+02
 6.54492E+02	 6.90000E+02
 6.57041E+02	 6.85000E+02
 6.59588E+02	 6.88000E+02
 6.62135E+02	 6.95000E+02
 6.64681E+02	 6.87000E+02
 6.67226E+02	 6.76000E+02
 6.69770E+02	 6.96000E+02
 6.72314E+02	 6.85000E+02
 6.74857E+02	 6.78000E+02
 6.77399E+02	 6.71000E+02
 6.79940E+02	 6.91000E+02
 6.82480E+02	 6.85000E+02
 6.85020E+02	 6.96000E+02
 6.87559E+02	 6.79000E+02
 6.90097E+02	 6.81000E+02
 6.92634E+02	 6.93000E+02
 6.95171E+02	 6.62000E+02
 6.97706E+02	 6.75000E+02
 7.00241E+02	 6.67000E+02
 7.02775E+02	 6.49000E+02
 7.05309E+02	 6.64000E+02
 7.07841E+02	 6.72000E+02
 7.10373E+02	 6.75000E+02
 7.12904E+02	 6.69000E+02
 7.15434E+02	 6.80000E+02
 7.17964E+02	 6.99000E+02
 7.20492E+02	 6.79000E+02
 7.23020E+02	 6.72000E+02
 7.25547E+02	 6.65000E+02
 7.28074E+02	 6.71000E+02
 7.30599E+02	 6.66000E+02
 7.33124E+02	 6.52000E+02
 7.35648E+02	 6.74000E+02
 7.38171E+02	 6.66000E+02
 7.40694E+02	 6.65000E+02
 7.43215E+02	 6.74000E+02
 7.45736E+02	 6.73000E+02
 7.48256E+02	 6.76000E+02
 7.50776E+02	 6.83000E+02
 7.53294E+02	 6.66000E+02
 7.55812E+02	 6.86000E+02
 7.58329E+02	 6.85000E+02
 7.60845E+02	 6.85000E+02
 7.63361E+02	 6.71000E+02
 7.65875E+02	 6.59000E+02
 7.68389E+02	 6.66000E+02
 7.70902E+02	 6.85000E+02
 7.73415E+02	 6.86000E+02
 7.75926E+02	 6.78000E+02
 7.78437E+02	 6.84000E+02
 7.80947E+02	 6.66000E+02
 7.83457E+02	 6.82000E+02
 7.85965E+02	 6.64000E+02
 7.88473E+02	 6.82000E+02
 7.90980E+02	 6.96000E+02
 7.93486E+02	 7.03000E+02
 7.95992E+02	 6.79000E+02
 7.98496E+02	 6.71000E+02
 8.01000E+02	 6.92000E+02
 8.03504E+02	 6.77000E+02
 8.06006E+02	 6.87000E+02
 8.08508E+02	 6.83000E+02
 8.11009E+02	 6.71000E+02
 8.13509E+02	 6.75000E+02
 8.16008E+02	 6.71000E+02
 8.18507E+02	 6.77000E+02
 8.21005E+02	 6.82000E+02
 8.23502E+02	 6.62000E+02
 8.25998E+02	 6.73000E+02
 8.28493E+02	 6.72000E+02
 8.30988E+02	 6.42000E+02
 8.33482E+02	 6.66000E+02
 8.35976E+02	 6.59000E+02
 8.38468E+02	 6.64000E+02
 8.40960E+02	 6.66000E+02
 8.43451E+02	 6.51000E+02
 8.45941E+02	 6.45000E+02
 8.48431E+02	 6.69000E+02
 8.50919E+02	 6.77000E+02
 8.53407E+02	 6.37000E+02
 8.55895E+02	 6.46000E+02
 8.58381E+02	 6.31000E+02
 8.60867E+02	 6.43000E+02
 8.63352E+02	 6.29000E+02
 8.65836E+02	 6.39000E+02
 8.68319E+02	 6.43000E+02
 8.70802E+02	 6.32000E+02
 8.73284E+02	 6.45000E+02
 8.75765E+02	 6.23000E+02
 8.78246E+02	 6.73000E+02
 8.80725E+02	 6.54000E+02
 8.83204E+02	 6.51000E+02
 8.85683E+02	 6.59000E+02
 8.88160E+02	 6.64000E+02
 8.90637E+02	 6.49000E+02
 8.93113E+02	 6.46000E+02
 8.95588E+02	 6.35000E+02
 8.98062E+02	 6.52000E+02
 9.00536E+02	 6.46000E+02
 9.03009E+02	 6.41000E+02
 9.05481E+02	 6.47000E+02
 9.07953E+02	 6.38000E+02
 9.10423E+02	 6.44000E+02
 9.12893E+02	 6.54000E+02
 9.15363E+02	 6.59000E+02
 9.17831E+02	 6.35000E+02
 9.20299E+02	 6.47000E+02
 9.22766E+02	 6.55000E+02
 9.25232E+02	 6.48000E+02
 9.27697E+02	 6.55000E+02
 9.30162E+02	 6.35000E+02
 9.32626E+02	 6.64000E+02
 9.35090E+02	 6.49000E+02
 9.37552E+02	 6.61000E+02
 9.40014E+02	 6.38000E+02
 9.42475E+02	 6.64000E+02
 9.44935E+02	 6.48000E+02
 9.47395E+02	 6.53000E+02
 9.49854E+02	 6.54000E+02
 9.52312E+02	 6.63000E+02
 9.54769E+02	 6.60000E+02
 9.57226E+02	 6.58000E+02
 9.59682E+02	 6.56000E+02
 9.62137E+02	 6.63000E+02
 9.64591E+02	 6.40000E+02
 9.67045E+02	 6.55000E+02
 9.69498E+02	 6.46000E+02
 9.71950E+02	 6.60000E+02
 9.74401E+02	 6.53000E+02
 9.76852E+02	 6.70000E+02
 9.79302E+02	 6.52000E+02
 9.81751E+02	 6.60000E+02
 9.84200E+02	 6.54000E+02
 9.86648E+02	 6.60000E+02
 9.89095E+02	 6.79000E+02
 9.91541E+02	 6.55000E+02
 9.93987E+02	 6.71000E+02
 9.96432E+02	 6.67000E+02
 9.98876E+02	 6.64000E+02
 1.00132E+03	 6.60000E+02
 1.00376E+03	 6.82000E+02
 1.00620E+03	 6.64000E+02
 1.00864E+03	 6.63000E+02
 1.01109E+03	 6.49000E+02
 1.01353E+03	 6.80000E+02
 1.01596E+03	 6.69000E+02
 1.01840E+03	 6.76000E+02
 1.02084E+03	 6.81000E+02
 1.02328E+03	 6.58000E+02
 1.02571E+03	 6.75000E+02
 1.02815E+03	 6.61000E+02
 1.03058E+03	 6.58000E+02
 1.03302E+03	 6.73000E+02
 1.03545E+03	 6.69000E+02
 1.03788E+03	 6.84000E+02
 1.04031E+03	 6.79000E+02
 1.04275E+03	 6.71000E+02
 1.04518E+03	 6.74000E+02
 1.04761E+03	 6.73000E+02
 1.05003E+03	 6.93000E+02
 1.05246E+03	 6.67000E+02
 1.05489E+03	 6.99000E+02
 1.05732E+03	 6.92000E+02
 1.05974E+03	 6.83000E+02
 1.06217E+03	 6.94000E+02
 1.06459E+03	 6.86000E+02
 1.06702E+03	 7.01000E+02
 1.06944E+03	 6.94000E+02
 1.07186E+03	 6.96000E+02
 1.07428E+03	 6.99000E+02
 1.07670E+03	 7.08000E+02
 1.07912E+03	 7.09000E+02
 1.08154E+03	 6.95000E+02
 1.08396E+03	 7.09000E+02
 1.08638E+03	 7.16000E+02
 1.08880E+03	 7.05000E+02
 1.09121E+03	 7.14000E+02
 1.09363E+03	 7.04000E+02
 1.09605E+03	 7.26000E+02
 1.09846E+03	 7.20000E+02
 1.10087E+03	 7.13000E+02
 1.10329E+03	 7.10000E+02
 1.10570E+03	 7.24000E+02
 1.10811E+03	 7.15000E+02
 1.11052E+03	 7.11000E+02
 1.11293E+03	 6.99000E+02
 1.11534E+03	 7.00000E+02
 1.11775E+03	 7.19000E+02
 1.12016E+03	 6.94000E+02
 1.12257E+03	 7.11000E+02
 1.12497E+03	 7.05000E+02
 1.12738E+03	 7.00000E+02
 1.12978E+03	 6.99000E+02
 1.13219E+03	 6.95000E+02
 1.13459E+03	 6.87000E+02
 1.13700E+03	 6.80000E+02
 1.13940E+03	 6.70000E+02
 1.14180E+03	 6.60000E+02
 1.14420E+03	 6.66000E+02
 1.14660E+03	 6.90000E+02
 1.14900E+03	 6.71000E+02
 1.15140E+03	 6.74000E+02
 1.15380E+03	 6.60000E+02
 1.15619E+03	 6.55000E+02
 1.15859E+03	 6.54000E+02
 1.16099E+03	 6.63000E+02
 1.16338E+03	 6.54000E+02
 1.16578E+03	 6.48000E+02
 1.16817E+03	 6.53000E+02
 1.17056E+03	 6.54000E+02
 1.17296E+03	 6.55000E+02
 1.17535E+03	 6.56000E+02
 1.17774E+03	 6.49000E+02
 1.18013E+03	 6.30000E+02
 1.18252E+03	 6.31000E+02
 1.18491E+03	 6.53000E+02
 1.18730E+03	 6.36000E+02
 1.18968E+03	 6.43000E+02
 1.19207E+03	 6.41000E+02
 1.19446E+03	 6.26000E+02
 1.19684E+03	 6.49000E+02
 1.19923E+03	 6.42000E+02
 1.20161E+03	 6.45000E+02
 1.20400E+03	 6.18000E+02
 1.20638E+03	 6.29000E+02
 1.20876E+03	 6.32000E+02
 1.21114E+03	 6.44000E+02
 1.21352E+03	 6.36000E+02
 1.21590E+03	 6.28000E+02
 1.21828E+03	 6.49000E+02
 1.22066E+03	 6.39000E+02
 1.22304E+03	 6.40000E+02
 1.22541E+03	 6.44000E+02
 1.22779E+03	 6.60000E+02
 1.23017E+03	 6.25000E+02
 1.23254E+03	 6.38000E+02
 1.23492E+03	 6.16000E+02
 1.23729E+03	 6.37000E+02
 1.23966E+03	 6.38000E+02
 1.24204E+03	 6.23000E+02
 1.24441E+03	 6.35000E+02
 1.24678E+03	 6.48000E+02
 1.24915E+03	 6.27000E+02
 1.25152E+03	 6.29000E+02
 1.25389E+03	 6.25000E+02
 1.25625E+03	 6.36000E+02
 1.25862E+03	 6.23000E+02
 1.26099E+03	 6.19000E+02
 1.26335E+03	 6.17000E+02
 1.26572E+03	 6.34000E+02
 1.26808E+03	 6.33000E+02
 1.27045E+03	 6.28000E+02
 1.27281E+03	 6.34000E+02
 1.27517E+03	 6.32000E+02
 1.27754E+03	 6.25000E+02
 1.27990E+03	 6.52000E+02
 1.28226E+03	 6.18000E+02
 1.28462E+03	 6.33000E+02
 1.28698E+03	 6.36000E+02
 1.28934E+03	 6.26000E+02
 1.29169E+03	 6.23000E+02
 1.29405E+03	 6.38000E+02
 1.29641E+03	 6.43000E+02
 1.29876E+03	 6.27000E+02
 1.30112E+03	 6.33000E+02
 1.30347E+03	 6.25000E+02
 1.30583E+03	 6.37000E+02
 1.30818E+03	 6.17000E+02
 1.31053E+03	 6.23000E+02
 1.31288E+03	 6.13000E+02
 1.31523E+03	 6.18000E+02
 1.31758E+03	 6.31000E+02
 1.31993E+03	 6.22000E+02
 1.32228E+03	 6.29000E+02
 1.32463E+03	 6.24000E+02
 1.32698E+03	 6.26000E+02
 1.32933E+03	 6.19000E+02
 1.33167E+03	 6.16000E+02
 1.33402E+03	 6.42000E+02
 1.33636E+03	 6.39000E+02
 1.33871E+03	 6.32000E+02
 1.34105E+03	 6.25000E+02
 1.34339E+03	 6.20000E+02
 1.34573E+03	 6.41000E+02
 1.34808E+03	 6.28000E+02
 1.35042E+03	 6.27000E+02
 1.35276E+03	 6.18000E+02
 1.35510E+03	 6.35000E+02
 1.35743E+03	 6.18000E+02
 1.35977E+03	 6.36000E+02
 1.36211E+03	 6.32000E+02
 1.36445E+03	 6.26000E+02
 1.36678E+03	 6.12000E+02
 1.36912E+03	 6.52000E+02
 1.37145E+03	 6.24000E+02
 1.37379E+03	 6.39000E+02
 1.37612E+03	 6.25000E+02
 1.37845E+03	 6.19000E+02
 1.38079E+03	 6.30000E+02
 1.38312E+03	 6.33000E+02
 1.38545E+03	 6.14000E+02
 1.38778E+03	 6.37000E+02
 1.39011E+03	 6.50000E+02
 1.39244E+03	 6.36000E+02
 1.39476E+03	 6.28000E+02
 1.39709E+03	 6.15000E+02
 1.39942E+03	 6.12000E+02
 1.40174E+03	 6.36000E+02
 1.40407E+03	 6.27000E+02
 1.40639E+03	 6.30000E+02
 1.40872E+03	 6.22000E+02
 1.41104E+03	 6.34000E+02
 1.41336E+03	 6.24000E+02
 1.41569E+03	 6.16000E+02
 1.41801E+03	 6.37000E+02
 1.42033E+03	 6.37000E+02
 1.42265E+03	 6.60000E+02
 1.42497E+03	 6.24000E+02
 1.42728E+03	 6.15000E+02
 1.42960E+03	 6.27000E+02
 1.43192E+03	 6.32000E+02
 1.43424E+03	 6.18000E+02
 1.43655E+03	 6.36000E+02
 1.43887E+03	 6.22000E+02
 1.44118E+03	 6.35000E+02
 1.44350E+03	 6.10000E+02
 1.44581E+03	 6.35000E+02
 1.44812E+03	 6.46000E+02
 1.45043E+03	 6.38000E+02
 1.45275E+03	 6.22000E+02
 1.45506E+03	 6.39000E+02
 1.45737E+03	 6.39000E+02
 1.45968E+03	 6.36000E+02
 1.46198E+03	 6.22000E+02
 1.46429E+03	 6.28000E+02
 1.46660E+03	 6.40000E+02
 1.46891E+03	 6.28000E+02
 1.47121E+03	 6.38000E+02
 1.47352E+03	 6.38000E+02
 1.47582E+03	 6.35000E+02
 1.47813E+03	 6.26000E+02
 1.48043E+03	 6.14000E+02
 1.48273E+03	 6.24000E+02
 1.48504E+03	 6.16000E+02
 1.48734E+03	 6.24000E+02
 1.48964E+03	 6.34000E+02
 1.49194E+03	 6.36000E+02
 1.49424E+03	 6.44000E+02
 1.49654E+03	 6.35000E+02
 1.49883E+03	 6.39000E+02
 1.50113E+03	 6.36000E+02
 1.50343E+03	 6.25000E+02
 1.50572E+03	 6.24000E+02
 1.50802E+03	 6.42000E+02
 1.51032E+03	 6.29000E+02
 1.51261E+03	 6.31000E+02
 1.51490E+03	 6.29000E+02
 1.51720E+03	 6.14000E+02
 1.51949E+03	 6.32000E+02
 1.52178E+03	 6.25000E+02
 1.52407E+03	 6.37000E+02
 1.52636E+03	 6.36000E+02
 1.52865E+03	 6.30000E+02
 1.53094E+03	 6.25000E+02
 1.53323E+03	 6.28000E+02
 1.53552E+03	 6.32000E+02
 1.53780E+03	 6.21000E+02
 1.54009E+03	 6.23000E+02
 1.54238E+03	 6.46000E+02
 1.54466E+03	 6.27000E+02
 1.54694E+03	 6.42000E+02
 1.54923E+03	 6.59000E+02
 1.55151E+03	 6.34000E+02
 1.55379E+03	 6.50000E+02
 1.55608E+03	 6.26000E+02
 1.55836E+03	 6.58000E+02
 1.56064E+03	 6.36000E+02
 1.56292E+03	 6.26000E+02
 1.56520E+03	 6.50000E+02
 1.56748E+03	 6.43000E+02
 1.56975E+03	 6.39000E+02
 1.57203E+03	 6.33000E+02
 1.57431E+03	 6.41000E+02
 1.57658E+03	 6.55000E+02
 1.57886E+03	 6.46000E+02
 1.58113E+03	 6.30000E+02
 1.58341E+03	 6.37000E+02
 1.58568E+03	 6.44000E+02
 1.58795E+03	 6.71000E+02
 1.59023E+03	 6.48000E+02
 1.59250E+03	 6.39000E+02
 1.59477E+03	 6.51000E+02
 1.59704E+03	 6.47000E+02
 1.59931E+03	 6.53000E+02
 1.60158E+03	 6.38000E+02
 1.60385E+03	 6.60000E+02
 1.60611E+03	 6.60000E+02
 1.60838E+03	 6.66000E+02
 1.61065E+03	 6.42000E+02
 1.61291E+03	 6.43000E+02
 1.61518E+03	 6.70000E+02
 1.61744E+03	 6.48000E+02
 1.61971E+03	 6.66000E+02
 1.62197E+03	 6.75000E+02
 1.62423E+03	 6.75000E+02
 1.62649E+03	 6.62000E+02
 1.62876E+03	 6.62000E+02
 1.63102E+03	 6.67000E+02
 1.63328E+03	 6.50000E+02
 1.63554E+03	 6.73000E+02
 1.63779E+03	 6.61000E+02
 1.64005E+03	 6.71000E+02
 1.64231E+03	 6.64000E+02
 1.64457E+03	 6.61000E+02
 1.64682E+03	 6.63000E+02
 1.64908E+03	 6.70000E+02
 1.65133E+03	 6.70000E+02
 1.65359E+03	 6.68000E+02
 1.65584E+03	 6.65000E+02
 1.65810E+03	 6.63000E+02
 1.66035E+03	 6.71000E+02
 1.66260E+03	 6.95000E+02
 1.66485E+03	 6.57000E+02
 1.66710E+03	 6.56000E+02
 1.66935E+03	 6.85000E+02
 1.67160E+03	 6.76000E+02
 1.67385E+03	 6.54000E+02
 1.67610E+03	 6.51000E+02
 1.67834E+03	 6.57000E+02
 1.68059E+03	 6.41000E+02
 1.68284E+03	 6.51000E+02
 1.68508E+03	 6.39000E+02
 1.68733E+03	 6.53000E+02
 1.68957E+03	 6.26000E+02
 1.69181E+03	 6.44000E+02
 1.69406E+03	 6.48000E+02
 1.69630E+03	 6.50000E+02
 1.69854E+03	 6.54000E+02
 1.70078E+03	 6.46000E+02
 1.70302E+03	 6.49000E+02
 1.70526E+03	 6.45000E+02
 1.70750E+03	 6.55000E+02
 1.70974E+03	 6.53000E+02
 1.71198E+03	 6.27000E+02
 1.71422E+03	 6.46000E+02
 1.71645E+03	 6.48000E+02
 1.71869E+03	 6.20000E+02
 1.72092E+03	 6.27000E+02
 1.72316E+03	 6.49000E+02
 1.72539E+03	 6.39000E+02
 1.72763E+03	 6.43000E+02
 1.72986E+03	 6.36000E+02
 1.73209E+03	 6.30000E+02
 1.73432E+03	 6.26000E+02
 1.73655E+03	 6.27000E+02
 1.73878E+03	 6.32000E+02
 1.74101E+03	 6.40000E+02
 1.74324E+03	 6.42000E+02
 1.74547E+03	 6.33000E+02
 1.74770E+03	 6.36000E+02
 1.74993E+03	 6.47000E+02
 1.75215E+03	 6.34000E+02
 1.75438E+03	 6.39000E+02
 1.75661E+03	 6.40000E+02
 1.75883E+03	 6.36000E+02
 1.76105E+03	 6.21000E+02
 1.76328E+03	 6.33000E+02
 1.76550E+03	 6.00000E+02
 1.76772E+03	 6.15000E+02
 1.76995E+03	 6.33000E+02
 1.77217E+03	 6.33000E+02
 1.77439E+03	 6.45000E+02
 1.77661E+03	 6.15000E+02
 1.77883E+03	 6.29000E+02
 1.78104E+03	 6.23000E+02
 1.78326E+03	 6.38000E+02
 1.78548E+03	 6.17000E+02
 1.78770E+03	 6.26000E+02
 1.78991E+03	 6.15000E+02
 1.79213E+03	 6.34000E+02
 1.79434E+03	 6.38000E+02
 1.79656E+03	 6.27000E+02
 1.79877E+03	 6.15000E+02
 1.80098E+03	 6.59000E+02
 1.80320E+03	 6.26000E+02
 1.80541E+03	 6.20000E+02
 1.80762E+03	 6.36000E+02
 1.80983E+03	 6.31000E+02
 1.81204E+03	 6.24000E+02
 1.81425E+03	 6.28000E+02
 1.81646E+03	 6.42000E+02
 1.81867E+03	 6.28000E+02
 1.82087E+03	 6.13000E+02
 1.82308E+03	 6.24000E+02
 1.82529E+03	 6.17000E+02
 1.82749E+03	 6.27000E+02
 1.82970E+03	 6.45000E+02
 1.83190E+03	 6.30000E+02
 1.83411E+03	 6.35000E+02
 1.83631E+03	 6.14000E+02
 1.83851E+03	 6.35000E+02
 1.84071E+03	 6.22000E+02
 1.84292E+03	 6.24000E+02
 1.84512E+03	 6.33000E+02
 1.84732E+03	 6.47000E+02
 1.84952E+03	 6.14000E+02
 1.85172E+03	 6.15000E+02
 1.85391E+03	 6.19000E+02
 1.85611E+03	 6.36000E+02
 1.85831E+03	 6.18000E+02
 1.86050E+03	 6.19000E+02
 1.86270E+03	 6.20000E+02
 1.86490E+03	 6.24000E+02
 1.86709E+03	 6.25000E+02
 1.86929E+03	 6.07000E+02
 1.87148E+03	 6.32000E+02
 1.87367E+03	 6.36000E+02
 1.87586E+03	 6.26000E+02
 1.87806E+03	 6.11000E+02
 1.88025E+03	 6.32000E+02
 1.88244E+03	 6.11000E+02
 1.88463E+03	 6.17000E+02
 1.88682E+03	 6.20000E+02
 1.88900E+03	 6.13000E+02
 1.89119E+03	 6.28000E+02
 1.89338E+03	 6.27000E+02
 1.89557E+03	 6.28000E+02
 1.89775E+03	 6.15000E+02
 1.89994E+03	 6.30000E+02
 1.90212E+03	 6.17000E+02
 1.90431E+03	 6.28000E+02
 1.90649E+03	 6.19000E+02
 1.90868E+03	 6.25000E+02
 1.91086E+03	 6.22000E+02
 1.91304E+03	 6.38000E+02
 1.91522E+03	 6.29000E+02
 1.91740E+03	 6.45000E+02
 1.91958E+03	 6.19000E+02
 1.92176E+03	 6.34000E+02
 1.92394E+03	 6.41000E+02
 1.92612E+03	 6.19000E+02
 1.92830E+03	 6.30000E+02
 1.93047E+03	 6.34000E+02
 1.93265E+03	 6.29000E+02
 1.93483E+03	 6.23000E+02
 1.93700E+03	 6.05000E+02
 1.93918E+03	 6.36000E+02
 1.94135E+03	 6.22000E+02
 1.94353E+03	 6.31000E+02
 1.94570E+03	 6.30000E+02
 1.94787E+03	 6.31000E+02
 1.95004E+03	 6.06000E+02
 1.95221E+03	 6.26000E+02
 1.95438E+03	 6.33000E+02
 1.95655E+03	 6.28000E+02
 1.95872E+03	 6.37000E+02
 1.96089E+03	 6.33000E+02
 1.96306E+03	 6.32000E+02
 1.96523E+03	 6.28000E+02
 1.96740E+03	 6.30000E+02
 1.96956E+03	 6.33000E+02
 1.97173E+03	 6.41000E+02
 1.97389E+03	 6.35000E+02
 1.97606E+03	 6.40000E+02
 1.97822E+03	 6.25000E+02
 1.98039E+03	 6.30000E+02
 1.98255E+03	 6.26000E+02
 1.98471E+03	 6.24000E+02
 1.98687E+03	 6.36000E+02
 1.98903E+03	 6.24000E+02
 1.99119E+03	 6.21000E+02
 1.99335E+03	 6.26000E+02
 1.99551E+03	 6.17000E+02
 1.99767E+03	 6.22000E+02
 1.99983E+03	 6.35000E+02
 2.00199E+03	 6.32000E+02
 2.00415E+03	 6.32000E+02
 2.00630E+03	 6.31000E+02
 2.00846E+03	 6.34000E+02
 2.01061E+03	 6.14000E+02
 2.01277E+03	 6.23000E+02
 2.01492E+03	 6.26000E+02
 2.01707E+03	 6.32000E+02
 2.01923E+03	 6.29000E+02
 2.02138E+03	 6.39000E+02
 2.02353E+03	 6.39000E+02
 2.02568E+03	 6.37000E+02
 2.02783E+03	 6.48000E+02
 2.02998E+03	 6.31000E+02
 2.03213E+03	 6.43000E+02
 2.03428E+03	 6.38000E+02
 2.03643E+03	 6.35000E+02
 2.03858E+03	 6.21000E+02
 2.04072E+03	 6.19000E+02
 2.04287E+03	 6.20000E+02
 2.04502E+03	 6.37000E+02
 2.04716E+03	 6.42000E+02
 2.04931E+03	 6.39000E+02
 2.05145E+03	 6.42000E+02
 2.05359E+03	 6.36000E+02
 2.05574E+03	 6.30000E+02
 2.05788E+03	 6.44000E+02
 2.06002E+03	 6.24000E+02
 2.06216E+03	 6.39000E+02
 2.06430E+03	 6.57000E+02
 2.06644E+03	 6.47000E+02
 2.06858E+03	 6.16000E+02
 2.07072E+03	 6.31000E+02
 2.07286E+03	 6.41000E+02
 2.07500E+03	 6.48000E+02
 2.07713E+03	 6.36000E+02
 2.07927E+03	 6.52000E+02
 2.08141E+03	 6.46000E+02
 2.08354E+03	 6.36000E+02
 2.08568E+03	 6.39000E+02
 2.08781E+03	 6.38000E+02
 2.08994E+03	 6.52000E+02
 2.09208E+03	 6.35000E+02
 2.09421E+03	 6.40000E+02
 2.09634E+03	 6.43000E+02
 2.09847E+03	 6.38000E+02
 2.10060E+03	 6.43000E+02
 2.10273E+03	 6.43000E+02
 2.10486E+03	 6.44000E+02
 2.10699E+03	 6.52000E+02
 2.10912E+03	 6.56000E+02
 2.11125E+03	 6.29000E+02
 2.11337E+03	 6.48000E+02
 2.11550E+03	 6.29000E+02
 2.11763E+03	 6.37000E+02
 2.11975E+03	 6.44000E+02
 2.12188E+03	 6.37000E+02
 2.12400E+03	 6.35000E+02
 2.12613E+03	 6.39000E+02
 2.12825E+03	 6.29000E+02
 2.13037E+03	 6.40000E+02
 2.13249E+03	 6.39000E+02
 2.13461E+03	 6.36000E+02
 2.13674E+03	 6.39000E+02
 2.13886E+03	 6.27000E+02
 2.14098E+03	 6.43000E+02
 2.14309E+03	 6.45000E+02
 2.14521E+03	 6.49000E+02
 2.14733E+03	 6.50000E+02
 2.14945E+03	 6.41000E+02
 2.15156E+03	 6.70000E+02
 2.15368E+03	 6.43000E+02
 2.15580E+03	 6.45000E+02
 2.15791E+03	 6.50000E+02
 2.16003E+03	 6.42000E+02
 2.16214E+03	 6.42000E+02
 2.16425E+03	 6.39000E+02
 2.16637E+03	 6.40000E+02
 2.16848E+03	 6.45000E+02
 2.17059E+03	 6.54000E+02
 2.17270E+03	 6.32000E+02
 2.17481E+03	 6.28000E+02
 2.17692E+03	 6.37000E+02
 2.17903E+03	 6.37000E+02
 2.18114E+03	 6.45000E+02
 2.18325E+03	 6.46000E+02
 2.18536E+03	 6.37000E+02
 2.18746E+03	 6.63000E+02
 2.18957E+03	 6.42000E+02
 2.19168E+03	 6.49000E+02
 2.19378E+03	 6.49000E+02
 2.19589E+03	 6.30000E+02
 2.19799E+03	 6.48000E+02
 2.20009E+03	 6.48000E+02
 2.20220E+03	 6.60000E+02
 2.20430E+03	 6.38000E+02
 2.20640E+03	 6.26000E+02
 2.20850E+03	 6.22000E+02
 2.21060E+03	 6.38000E+02
 2.21270E+03	 6.56000E+02
 2.21480E+03	 6.49000E+02
 2.21690E+03	 6.45000E+02
 2.21900E+03	 6.32000E+02
 2.22110E+03	 6.48000E+02
 2.22320E+03	 6.35000E+02
 2.22529E+03	 6.43000E+02
 2.22739E+03	 6.35000E+02
 2.22949E+03	 6.44000E+02
 2.23158E+03	 6.38000E+02
 2.23368E+03	 6.26000E+02
 2.23577E+03	 6.53000E+02
 2.23786E+03	 6.34000E+02
 2.23996E+03	 6.44000E+02
 2.24205E+03	 6.51000E+02
 2.24414E+03	 6.36000E+02
 2.24623E+03	 6.54000E+02
 2.24832E+03	 6.47000E+02
 2.25041E+03	 6.42000E+02
 2.25250E+03	 6.49000E+02
 2.25459E+03	 6.36000E+02
 2.25668E+03	 6.35000E+02
 2.25877E+03	 6.42000E+02
 2.26086E+03	 6.29000E+02
 2.26294E+03	 6.43000E+02
 2.26503E+03	 6.41000E+02
 2.26711E+03	 6.44000E+02
 2.26920E+03	 6.32000E+02
 2.27128E+03	 6.31000E+02
 2.27337E+03	 6.34000E+02
 2.27545E+03	 6.45000E+02
 2.27753E+03	 6.36000E+02
 2.27962E+03	 6.47000E+02
 2.28170E+03	 6.46000E+02
 2.28378E+03	 6.54000E+02
 2.28586E+03	 6.20000E+02
 2.28794E+03	 6.46000E+02
 2.29002E+03	 6.34000E+02
 2.29210E+03	 6.21000E+02
 2.29418E+03	 6.37000E+02
 2.29625E+03	 6.35000E+02
 2.29833E+03	 6.39000E+02
 2.30041E+03	 6.44000E+02
 2.30248E+03	 6.37000E+02
 2.30456E+03	 6.35000E+02
 2.30664E+03	 6.29000E+02
 2.30871E+03	 6.21000E+02
 2.31078E+03	 6.45000E+02
 2.31286E+03	 6.45000E+02
 2.31493E+03	 6.27000E+02
 2.31700E+03	 6.23000E+02
 2.31907E+03	 6.31000E+02
 2.32115E+03	 6.39000E+02
 2.32322E+03	 6.45000E+02
 2.32529E+03	 6.37000E+02
 2.32736E+03	 6.43000E+02
 2.32942E+03	 6.33000E+02
 2.33149E+03	 6.59000E+02
 2.33356E+03	 6.53000E+02
 2.33563E+03	 6.36000E+02
 2.33769E+03	 6.40000E+02
 2.33976E+03	 6.34000E+02
 2.34183E+03	 6.32000E+02
 2.34389E+03	 6.29000E+02
 2.34596E+03	 6.46000E+02
 2.34802E+03	 6.39000E+02
 2.35008E+03	 6.52000E+02
 2.35215E+03	 6.42000E+02
 2.35421E+03	 6.37000E+02
 2.35627E+03	 6.44000E+02
 2.35833E+03	 6.43000E+02
 2.36039E+03	 6.37000E+02
 2.36245E+03	 6.23000E+02
 2.36451E+03	 6.32000E+02
 2.36657E+03	 6.45000E+02
 2.36863E+03	 6.35000E+02
 2.37069E+03	 6.32000E+02
 2.37275E+03	 6.42000E+02
 2.37480E+03	 6.27000E+02
 2.37686E+03	 6.58000E+02
 2.37891E+03	 6.46000E+02
 2.38097E+03	 6.33000E+02
 2.38302E+03	 6.42000E+02
 2.38508E+03	 6.41000E+02
 2.38713E+03	 6.43000E+02
 2.38918E+03	 6.33000E+02
 2.39124E+03	 6.32000E+02
 2.39329E+03	 6.61000E+02
 2.39534E+03	 6.49000E+02
 2.39739E+03	 6.43000E+02
 2.39944E+03	 6.64000E+02
 2.40149E+03	 6.55000E+02
 2.40354E+03	 6.26000E+02
 2.40559E+03	 6.33000E+02
 2.40764E+03	 6.42000E+02
 2.40968E+03	 6.51000E+02
 2.41173E+03	 6.43000E+02
 2.41378E+03	 6.30000E+02
 2.41582E+03	 6.45000E+02
 2.41787E+03	 6.35000E+02
 2.41991E+03	 6.47000E+02
 2.42196E+03	 6.56000E+02
 2.42400E+03	 6.44000E+02
 2.42605E+03	 6.54000E+02
 2.42809E+03	 6.60000E+02
 2.43013E+03	 6.55000E+02
 2.43217E+03	 6.39000E+02
 2.43421E+03	 6.47000E+02
 2.43625E+03	 6.58000E+02
 2.43829E+03	 6.38000E+02
 2.44033E+03	 6.30000E+02
 2.44237E+03	 6.38000E+02
 2.44441E+03	 6.55000E+02
 2.44645E+03	 6.35000E+02
 2.44848E+03	 6.31000E+02
 2.45052E+03	 6.37000E+02
 2.45256E+03	 6.50000E+02
 2.45459E+03	 6.39000E+02
 2.45663E+03	 6.46000E+02
 2.45866E+03	 6.46000E+02
 2.46070E+03	 6.63000E+02
 2.46273E+03	 6.46000E+02
 2.46476E+03	 6.36000E+02
 2.46680E+03	 6.46000E+02
 2.46883E+03	 6.18000E+02
 2.47086E+03	 6.42000E+02
 2.47289E+03	 6.48000E+02
 2.47492E+03	 6.43000E+02
 2.47695E+03	 6.47000E+02
 2.47898E+03	 6.36000E+02
 2.48101E+03	 6.35000E+02
 2.48304E+03	 6.31000E+02
 2.48506E+03	 6.37000E+02
 2.48709E+03	 6.42000E+02
 2.48912E+03	 6.53000E+02
 2.49114E+03	 6.40000E+02
 2.49317E+03	 6.35000E+02
 2.49519E+03	 6.48000E+02
 2.49722E+03	 6.41000E+02
 2.49924E+03	 6.55000E+02
 2.50126E+03	 6.48000E+02
 2.50329E+03	 6.60000E+02
 2.50531E+03	 6.46000E+02
 2.50733E+03	 6.67000E+02
 2.50935E+03	 6.50000E+02
 2.51137E+03	 6.62000E+02
 2.51339E+03	 6.47000E+02
 2.51541E+03	 6.54000E+02
 2.51743E+03	 6.41000E+02
 2.51945E+03	 6.35000E+02
 2.52147E+03	 6.55000E+02
 2.52348E+03	 6.28000E+02
 2.52550E+03	 6.46000E+02
 2.52752E+03	 6.41000E+02
 2.52953E+03	 6.62000E+02
 2.53155E+03	 6.49000E+02
 2.53356E+03	 6.41000E+02
 2.53558E+03	 6.30000E+02
 2.53759E+03	 6.41000E+02
 2.53960E+03	 6.54000E+02
 2.54162E+03	 6.46000E+02
 2.54363E+03	 6.48000E+02
 2.54564E+03	 6.39000E+02
 2.54765E+03	 6.37000E+02
 2.54966E+03	 6.22000E+02
 2.55167E+03	 6.38000E+02
 2.55368E+03	 6.30000E+02
 2.55569E+03	 6.43000E+02
 2.55770E+03	 6.41000E+02
 2.55971E+03	 6.51000E+02
 2.56171E+03	 6.52000E+02
 2.56372E+03	 6.39000E+02
 2.56573E+03	 6.46000E+02
 2.56773E+03	 6.45000E+02
 2.56974E+03	 6.43000E+02
 2.57174E+03	 6.45000E+02
 2.57375E+03	 6.47000E+02
 2.57575E+03	 6.41000E+02
 2.57775E+03	 6.44000E+02
 2.57976E+03	 6.51000E+02
 2.58176E+03	 6.44000E+02
 2.58376E+03	 6.51000E+02
 2.58576E+03	 6.23000E+02
 2.58776E+03	 6.40000E+02
 2.58976E+03	 6.41000E+02
 2.59176E+03	 6.48000E+02
 2.59376E+03	 6.48000E+02
 2.59576E+03	 6.56000E+02
 2.59776E+03	 6.44000E+02
 2.59975E+03	 6.68000E+02
 2.60175E+03	 6.45000E+02
 2.60375E+03	 6.53000E+02
 2.60574E+03	 6.34000E+02
 2.60774E+03	 6.47000E+02
 2.60973E+03	 6.80000E+02
 2.61173E+03	 6.49000E+02
 2.61372E+03	 6.26000E+02
 2.61571E+03	 6.40000E+02
 2.61771E+03	 6.53000E+02
 2.61970E+03	 6.56000E+02
 2.62169E+03	 6.44000E+02
 2.62368E+03	 6.47000E+02
 2.62567E+03	 6.52000E+02
 2.62766E+03	 6.68000E+02
 2.62965E+03	 6.37000E+02
 2.63164E+03	 6.52000E+02
 2.63363E+03	 6.34000E+02
 2.63562E+03	 6.33000E+02
 2.63760E+03	 6.72000E+02
 2.63959E+03	 6.56000E+02
 2.64158E+03	 6.60000E+02
 2.64356E+03	 6.54000E+02
 2.64555E+03	 6.54000E+02
 2.64753E+03	 6.58000E+02
 2.64952E+03	 6.71000E+02
 2.65150E+03	 6.44000E+02
 2.65348E+03	 6.36000E+02
 2.65547E+03	 6.49000E+02
 2.65745E+03	 6.51000E+02
 2.65943E+03	 6.55000E+02
 2.66141E+03	 6.59000E+02
 2.66339E+03	 6.40000E+02
 2.66537E+03	 6.59000E+02
 2.66735E+03	 6.31000E+02
 2.66933E+03	 6.27000E+02
 2.67131E+03	 6.57000E+02
 2.67329E+03	 6.57000E+02
 2.67527E+03	 6.40000E+02
 2.67724E+03	 6.57000E+02
 2.67922E+03	 6.65000E+02
 2.68120E+03	 6.41000E+02
 2.68317E+03	 6.66000E+02
 2.68515E+03	 6.59000E+02
 2.68712E+03	 6.60000E+02
 2.68909E+03	 6.40000E+02
 2.69107E+03	 6.47000E+02
 2.69304E+03	 6.51000E+02
 2.69501E+03	 6.51000E+02
 2.69698E+03	 6.48000E+02
 2.69896E+03	 6.53000E+02
 2.70093E+03	 6.38000E+02
 2.70290E+03	 6.45000E+02
 2.70487E+03	 6.45000E+02
 2.70684E+03	 6.49000E+02
 2.70881E+03	 6.51000E+02
 2.71077E+03	 6.55000E+02
 2.71274E+03	 6.34000E+02
 2.71471E+03	 6.38000E+02
 2.71668E+03	 6.70000E+02
 2.71864E+03	 6.58000E+02
 2.72061E+03	 6.60000E+02
 2.72257E+03	 6.65000E+02
 2.72454E+03	 6.51000E+02
 2.72650E+03	 6.76000E+02
 2.72847E+03	 6.55000E+02
 2.73043E+03	 6.72000E+02
 2.73239E+03	 6.60000E+02
 2.73435E+03	 6.50000E+02
 2.73632E+03	 6.67000E+02
 2.73828E+03	 6.69000E+02
 2.74024E+03	 6.60000E+02
 2.74220E+03	 6.28000E+02
 2.74416E+03	 6.65000E+02
 2.74612E+03	 6.72000E+02
 2.74807E+03	 6.52000E+02
 2.75003E+03	 6.62000E+02
 2.75199E+03	 6.42000E+02
 2.75395E+03	 6.56000E+02
 2.75590E+03	 6.70000E+02
 2.75786E+03	 6.52000E+02
 2.75982E+03	 6.64000E+02
 2.76177E+03	 6.65000E+02
 2.76373E+03	 6.69000E+02
 2.76568E+03	 6.67000E+02
 2.76763E+03	 6.55000E+02
 2.76959E+03	 6.54000E+02
 2.77154E+03	 6.53000E+02
 2.77349E+03	 6.45000E+02
 2.77544E+03	 6.75000E+02
 2.77739E+03	 6.57000E+02
 2.77934E+03	 6.53000E+02
 2.78129E+03	 6.60000E+02
 2.78324E+03	 6.73000E+02
 2.78519E+03	 6.52000E+02
 2.78714E+03	 6.69000E+02
 2.78909E+03	 6.62000E+02
 2.79104E+03	 6.65000E+02
 2.79298E+03	 6.60000E+02
 2.79493E+03	 6.83000E+02
 2.79688E+03	 6.59000E+02
 2.79882E+03	 6.66000E+02
 2.80077E+03	 6.62000E+02
 2.80271E+03	 6.62000E+02
 2.80465E+03	 6.69000E+02
 2.80660E+03	 6.73000E+02
 2.80854E+03	 6.74000E+02
 2.81048E+03	 6.68000E+02
 2.81243E+03	 6.66000E+02
 2.81437E+03	 6.54000E+02
 2.81631E+03	 6.67000E+02
 2.81825E+03	 6.79000E+02
 2.82019E+03	 6.71000E+02
 2.82213E+03	 6.79000E+02
 2.82407E+03	 6.63000E+02
 2.82601E+03	 6.65000E+02
 2.82794E+03	 6.90000E+02
 2.82988E+03	 6.67000E+02
 2.83182E+03	 6.92000E+02
 2.83375E+03	 6.78000E+02
 2.83569E+03	 6.60000E+02
 2.83763E+03	 6.78000E+02
 2.83956E+03	 6.60000E+02
 2.84149E+03	 6.75000E+02
 2.84343E+03	 6.95000E+02
 2.84536E+03	 6.77000E+02
 2.84730E+03	 6.65000E+02
 2.84923E+03	 6.73000E+02
 2.85116E+03	 6.77000E+02
 2.85309E+03	 6.69000E+02
 2.85502E+03	 6.77000E+02
 2.85695E+03	 6.77000E+02
 2.85888E+03	 6.82000E+02
 2.86081E+03	 6.68000E+02
 2.86274E+03	 6.70000E+02
 2.86467E+03	 6.60000E+02
 2.86660E+03	 6.99000E+02
 2.86853E+03	 6.87000E+02
 2.87045E+03	 6.90000E+02
 2.87238E+03	 6.70000E+02
 2.87430E+03	 6.87000E+02
 2.87623E+03	 6.72000E+02
 2.87816E+03	 6.95000E+02
 2.88008E+03	 6.88000E+02
 2.88200E+03	 6.82000E+02
 2.88393E+03	 6.58000E+02
 2.88585E+03	 7.07000E+02
 2.88777E+03	 6.94000E+02
 2.88970E+03	 7.14000E+02
 2.89162E+03	 6.87000E+02
 2.89354E+03	 7.12000E+02
 2.89546E+03	 6.99000E+02
 2.89738E+03	 6.85000E+02
 2.89930E+03	 6.92000E+02
 2.90122E+03	 6.67000E+02
 2.90314E+03	 6.91000E+02
 2.90505E+03	 6.92000E+02
 2.90697E+03	 6.96000E+02
 2.90889E+03	 7.07000E+02
 2.91081E+03	 7.15000E+02
 2.91272E+03	 6.93000E+02
 2.91464E+03	 7.04000E+02
 2.91655E+03	 7.01000E+02
 2.91847E+03	 6.89000E+02
 2.92038E+03	 6.82000E+02
 2.92230E+03	 7.20000E+02
 2.92421E+03	 6.93000E+02
 2.92612E+03	 7.07000E+02
 2.92803E+03	 7.28000E+02
 2.92994E+03	 6.92000E+02
 2.93186E+03	 6.92000E+02
 2.93377E+03	 7.30000E+02
 2.93568E+03	 7.11000E+02
 2.93759E+03	 7.21000E+02
 2.93950E+03	 7.09000E+02
 2.94141E+03	 7.14000E+02
 2.94331E+03	 7.13000E+02
 2.94522E+03	 7.23000E+02
 2.94713E+03	 7.17000E+02
 2.94904E+03	 7.34000E+02
 2.95094E+03	 7.15000E+02
 2.95285E+03	 7.27000E+02
 2.95475E+03	 7.19000E+02
 2.95666E+03	 7.34000E+02
 2.95856E+03	 7.35000E+02
 2.96047E+03	 7.44000E+02
 2.96237E+03	 7.35000E+02
 2.96427E+03	 7.21000E+02
 2.96618E+03	 7.19000E+02
 2.96808E+03	 7.14000E+02
 2.96998E+03	 7.59000E+02
 2.97188E+03	 7.33000E+02
 2.97378E+03	 7.44000E+02
 2.97568E+03	 7.49000E+02
 2.97758E+03	 7.47000E+02
 2.97948E+03	 7.69000E+02
 2.98138E+03	 7.63000E+02
 2.98328E+03	 7.65000E+02
 2.98517E+03	 7.37000E+02
 2.98707E+03	 7.58000E+02
 2.98897E+03	 7.48000E+02
 2.99086E+03	 7.51000E+02
 2.99276E+03	 7.62000E+02
 2.99465E+03	 7.60000E+02
 2.99655E+03	 7.72000E+02
 2.99844E+03	 7.76000E+02
 3.00034E+03	 7.76000E+02
 3.00223E+03	 7.80000E+02
 3.00412E+03	 8.08000E+02
 3.00602E+03	 7.70000E+02
 3.00791E+03	 7.86000E+02
 3.00980E+03	 7.85000E+02
 3.01169E+03	 8.01000E+02
 3.01358E+03	 8.08000E+02
 3.01547E+03	 8.12000E+02
 3.01736E+03	 8.11000E+02
 3.01925E+03	 8.27000E+02
 3.02114E+03	 8.07000E+02
 3.02303E+03	 8.37000E+02
 3.02491E+03	 8.14000E+02
 3.02680E+03	 8.08000E+02
 3.02869E+03	 8.13000E+02
 3.03057E+03	 8.17000E+02
 3.03246E+03	 8.44000E+02
 3.03434E+03	 8.38000E+02
 3.03623E+03	 8.73000E+02
 3.03811E+03	 8.41000E+02
 3.04000E+03	 8.51000E+02
 3.04188E+03	 8.62000E+02
 3.04376E+03	 8.47000E+02
 3.04564E+03	 8.79000E+02
 3.04753E+03	 8.74000E+02
 3.04941E+03	 8.86000E+02
 3.05129E+03	 8.28000E+02
 3.05317E+03	 9.07000E+02
 3.05505E+03	 8.88000E+02
 3.05693E+03	 8.83000E+02
 3.05881E+03	 8.74000E+02
 3.06069E+03	 9.22000E+02
 3.06256E+03	 9.30000E+02
 3.06444E+03	 9.07000E+02
 3.06632E+03	 9.41000E+02
 3.06819E+03	 9.28000E+02
 3.07007E+03	 9.40000E+02
 3.07195E+03	 9.41000E+02
 3.07382E+03	 9.36000E+02
 3.07570E+03	 9.50000E+02
 3.07757E+03	 9.78000E+02
 3.07944E+03	 9.88000E+02
 3.08132E+03	 9.47000E+02
 3.08319E+03	 1.00400E+03
 3.08506E+03	 9.93000E+02
 3.08693E+03	 1.01200E+03
 3.08881E+03	 1.01300E+03
 3.09068E+03	 1.02300E+03
 3.09255E+03	 1.02500E+03
 3.09442E+03	 1.03300E+03
 3.09629E+03	 1.04600E+03
 3.09816E+03	 1.01500E+03
 3.10002E+03	 1.05200E+03
 3.10189E+03	 1.08200E+03
 3.10376E+03	 1.06000E+03
 3.10563E+03	 1.10800E+03
 3.10749E+03	 1.10100E+03
 3.10936E+03	 1.08900E+03
 3.11123E+03	 1.08400E+03
 3.11309E+03	 1.12100E+03
 3.11496E+03	 1.11900E+03
 3.11682E+03	 1.10000E+03
 3.11868E+03	 1.13300E+03
 3.12055E+03	 1.13100E+03
 3.12241E+03	 1.19400E+03
 3.12427E+03	 1.14100E+03
 3.12613E+03	 1.17400E+03
 3.12800E+03	 1.21700E+03
 3.12986E+03	 1.23500E+03
 3.13172E+03	 1.20000E+03
 3.13358E+03	 1.23500E+03
 3.13544E+03	 1.23200E+03
 3.13730E+03	 1.27100E+03
 3.13916E+03	 1.21500E+03
 3.14101E+03	 1.29700E+03
 3.14287E+03	 1.27600E+03
 3.14473E+03	 1.28700E+03
 3.14659E+03	 1.26800E+03
 3.14844E+03	 1.28800E+03
 3.15030E+03	 1.27100E+03
 3.15215E+03	 1.35500E+03
 3.15401E+03	 1.35200E+03
 3.15586E+03	 1.38800E+03
 3.15772E+03	 1.40000E+03
 3.15957E+03	 1.38400E+03
 3.16142E+03	 1.37600E+03
 3.16328E+03	 1.39600E+03
 3.16513E+03	 1.39000E+03
 3.16698E+03	 1.40800E+03
 3.16883E+03	 1.43400E+03
 3.17068E+03	 1.44600E+03
 3.17253E+03	 1.42700E+03
 3.17438E+03	 1.47800E+03
 3.17623E+03	 1.43300E+03
 3.17808E+03	 1.44400E+03
 3.17993E+03	 1.51300E+03
 3.18178E+03	 1.50100E+03
 3.18362E+03	 1.48800E+03
 3.18547E+03	 1.51400E+03
 3.18732E+03	 1.49800E+03
 3.18916E+03	 1.51700E+03
 3.19101E+03	 1.55500E+03
 3.19285E+03	 1.55900E+03
 3.19470E+03	 1.58500E+03
 3.19654E+03	 1.56700E+03
 3.19839E+03	 1.55400E+03
 3.20023E+03	 1.56600E+03
 3.20207E+03	 1.57700E+03
 3.20392E+03	 1.61800E+03
 3.20576E+03	 1.56000E+03
 3.20760E+03	 1.59000E+03
 3.20944E+03	 1.60400E+03
 3.21128E+03	 1.61800E+03
 3.21312E+03	 1.66500E+03
 3.21496E+03	 1.60900E+03
 3.21680E+03	 1.62800E+03
 3.21864E+03	 1.62200E+03
 3.22048E+03	 1.63400E+03
 3.22232E+03	 1.65700E+03
 3.22415E+03	 1.64800E+03
 3.22599E+03	 1.69700E+03
 3.22783E+03	 1.63600E+03
 3.22966E+03	 1.71000E+03
 3.23150E+03	 1.66200E+03
 3.23333E+03	 1.72500E+03
 3.23517E+03	 1.68600E+03
 3.23700E+03	 1.68600E+03
 3.23884E+03	 1.74100E+03
 3.24067E+03	 1.70000E+03
 3.24250E+03	 1.71200E+03
 3.24433E+03	 1.67400E+03
 3.24617E+03	 1.71300E+03
 3.24800E+03	 1.72800E+03
 3.24983E+03	 1.75000E+03
 3.25166E+03	 1.70400E+03
 3.25349E+03	 1.70800E+03
 3.25532E+03	 1.73000E+03
 3.25715E+03	 1.71400E+03
 3.25898E+03	 1.70900E+03
 3.26081E+03	 1.66000E+03
 3.26263E+03	 1.70900E+03
 3.26446E+03	 1.71800E+03
 3.26629E+03	 1.68100E+03
 3.26811E+03	 1.68500E+03
 3.26994E+03	 1.71000E+03
 3.27177E+03	 1.70100E+03
 3.27359E+03	 1.71300E+03
 3.27542E+03	 1.71400E+03
 3.27724E+03	 1.69900E+03
 3.27906E+03	 1.74700E+03
 3.28089E+03	 1.68400E+03
 3.28271E+03	 1.74200E+03
 3.28453E+03	 1.72100E+03
 3.28635E+03	 1.71900E+03
 3.28818E+03	 1.73600E+03
 3.29000E+03	 1.69700E+03
 3.29182E+03	 1.75000E+03
 3.29364E+03	 1.78300E+03
 3.29546E+03	 1.73300E+03
 3.29728E+03	 1.71400E+03
 3.29909E+03	 1.70800E+03
 3.30091E+03	 1.77100E+03
 3.30273E+03	 1.74500E+03
 3.30455E+03	 1.75300E+03
 3.30637E+03	 1.72800E+03
 3.30818E+03	 1.72600E+03
 3.31000E+03	 1.71600E+03
 3.31181E+03	 1.72000E+03
 3.31363E+03	 1.81800E+03
 3.31544E+03	 1.76600E+03
 3.31726E+03	 1.72000E+03
 3.31907E+03	 1.75500E+03
 3.32089E+03	 1.80600E+03
 3.32270E+03	 1.78700E+03
 3.32451E+03	 1.74900E+03
 3.32632E+03	 1.71900E+03
 3.32813E+03	 1.78800E+03
 3.32995E+03	 1.81300E+03
 3.33176E+03	 1.78000E+03
 3.33357E+03	 1.83800E+03
 3.33538E+03	 1.79600E+03
 3.33719E+03	 1.78300E+03
 3.33899E+03	 1.83300E+03
 3.34080E+03	 1.79800E+03
 3.34261E+03	 1.78500E+03
 3.34442E+03	 1.80800E+03
 3.34623E+03	 1.83200E+03
 3.34803E+03	 1.84700E+03
 3.34984E+03	 1.81700E+03
 3.35164E+03	 1.86500E+03
 3.35345E+03	 1.83500E+03
 3.35525E+03	 1.87600E+03
 3.35706E+03	 1.83600E+03
 3.35886E+03	 1.87300E+03
 3.36067E+03	 1.87400E+03
 3.36247E+03	 1.80600E+03
 3.36427E+03	 1.91600E+03
 3.36608E+03	 1.85700E+03
 3.36788E+03	 1.83300E+03
 3.36968E+03	 1.84500E+03
 3.37148E+03	 1.86200E+03
 3.37328E+03	 1.83400E+03
 3.37508E+03	 1.87300E+03
 3.37688E+03	 1.86700E+03
 3.37868E+03	 1.83400E+03
 3.38048E+03	 1.93500E+03
 3.38228E+03	 1.92400E+03
 3.38407E+03	 1.87100E+03
 3.38587E+03	 1.88400E+03
 3.38767E+03	 1.86500E+03
 3.38946E+03	 1.98300E+03
 3.39126E+03	 1.87100E+03
 3.39306E+03	 1.87200E+03
 3.39485E+03	 1.87900E+03
 3.39665E+03	 1.88700E+03
 3.39844E+03	 1.93600E+03
 3.40023E+03	 1.86400E+03
 3.40203E+03	 1.88200E+03
 3.40382E+03	 1.93200E+03
 3.40561E+03	 1.90000E+03
 3.40741E+03	 1.94800E+03
 3.40920E+03	 1.93300E+03
 3.41099E+03	 1.86000E+03
 3.41278E+03	 1.89300E+03
 3.41457E+03	 1.91900E+03
 3.41636E+03	 1.90700E+03
 3.41815E+03	 1.97400E+03
 3.41994E+03	 1.98300E+03
 3.42173E+03	 1.89900E+03
 3.42352E+03	 1.94700E+03
 3.42530E+03	 1.94300E+03
 3.42709E+03	 1.89500E+03
 3.42888E+03	 1.92400E+03
 3.43066E+03	 1.96500E+03
 3.43245E+03	 1.91800E+03
 3.43424E+03	 1.96800E+03
 3.43602E+03	 1.87200E+03
 3.43781E+03	 1.96900E+03
 3.43959E+03	 1.93500E+03
 3.44137E+03	 1.87700E+03
 3.44316E+03	 1.93400E+03
 3.44494E+03	 1.87000E+03
 3.44672E+03	 1.94500E+03
 3.44850E+03	 1.86600E+03
 3.45029E+03	 1.87400E+03
 3.45207E+03	 1.89700E+03
 3.45385E+03	 1.85700E+03
 3.45563E+03	 1.90900E+03
 3.45741E+03	 1.86400E+03
 3.45919E+03	 1.85100E+03
 3.46097E+03	 1.85900E+03
 3.46275E+03	 1.86700E+03
 3.46452E+03	 1.82300E+03
 3.46630E+03	 1.81400E+03
 3.46808E+03	 1.82900E+03
 3.46986E+03	 1.82500E+03
 3.47163E+03	 1.83100E+03
 3.47341E+03	 1.82700E+03
 3.47518E+03	 1.83700E+03
 3.47696E+03	 1.78100E+03
 3.47873E+03	 1.78300E+03
 3.48051E+03	 1.79800E+03
 3.48228E+03	 1.79800E+03
 3.48406E+03	 1.77900E+03
 3.48583E+03	 1.80200E+03
 3.48760E+03	 1.77100E+03
 3.48937E+03	 1.68700E+03
 3.49115E+03	 1.71600E+03
 3.49292E+03	 1.73800E+03
 3.49469E+03	 1.76500E+03
 3.49646E+03	 1.66200E+03
 3.49823E+03	 1.73100E+03
 3.50000E+03	 1.72100E+03
 3.50177E+03	 1.63600E+03
 3.50354E+03	 1.69100E+03
 3.50530E+03	 1.68900E+03
 3.50707E+03	 1.66500E+03
 3.50884E+03	 1.65600E+03
 3.51061E+03	 1.62300E+03
 3.51237E+03	 1.65300E+03
 3.51414E+03	 1.65900E+03
 3.51591E+03	 1.60600E+03
 3.51767E+03	 1.58000E+03
 3.51944E+03	 1.60400E+03
 3.52120E+03	 1.56600E+03
 3.52296E+03	 1.52500E+03
 3.52473E+03	 1.58800E+03
 3.52649E+03	 1.53000E+03
 3.52825E+03	 1.55900E+03
 3.53002E+03	 1.52000E+03
 3.53178E+03	 1.47900E+03
 3.53354E+03	 1.52100E+03
 3.53530E+03	 1.51300E+03
 3.53706E+03	 1.47700E+03
 3.53882E+03	 1.49300E+03
 3.54058E+03	 1.42700E+03
 3.54234E+03	 1.48600E+03
 3.54410E+03	 1.42400E+03
 3.54586E+03	 1.44800E+03
 3.54762E+03	 1.40400E+03
 3.54937E+03	 1.40500E+03
 3.55113E+03	 1.41200E+03
 3.55289E+03	 1.43500E+03
 3.55465E+03	 1.40100E+03
 3.55640E+03	 1.39300E+03
 3.55816E+03	 1.37500E+03
 3.55991E+03	 1.39000E+03
 3.56167E+03	 1.34700E+03
 3.56342E+03	 1.35200E+03
 3.56518E+03	 1.37000E+03
 3.56693E+03	 1.33100E+03
 3.56868E+03	 1.34300E+03
 3.57043E+03	 1.32800E+03
 3.57219E+03	 1.30000E+03
 3.57394E+03	 1.32100E+03
 3.57569E+03	 1.30000E+03
 3.57744E+03	 1.32600E+03
 3.57919E+03	 1.28000E+03
 3.58094E+03	 1.27500E+03
 3.58269E+03	 1.28600E+03
 3.58444E+03	 1.28000E+03
 3.58619E+03	 1.28100E+03
 3.58794E+03	 1.23900E+03
 3.58969E+03	 1.21800E+03
 3.59143E+03	 1.19900E+03
 3.59318E+03	 1.26300E+03
 3.59493E+03	 1.22700E+03
 3.59667E+03	 1.27600E+03
 3.59842E+03	 1.26600E+03
 3.60017E+03	 1.23900E+03
 3.60191E+03	 1.23300E+03
 3.60366E+03	 1.19400E+03
 3.60540E+03	 1.20000E+03
 3.60714E+03	 1.18300E+03
 3.60889E+03	 1.18400E+03
 3.61063E+03	 1.19400E+03
 3.61237E+03	 1.15900E+03
 3.61412E+03	 1.15400E+03
 3.61586E+03	 1.16200E+03
 3.61760E+03	 1.15000E+03
 3.61934E+03	 1.16500E+03
 3.62108E+03	 1.12600E+03
 3.62282E+03	 1.11200E+03
 3.62456E+03	 1.14700E+03
 3.62630E+03	 1.14600E+03
 3.62804E+03	 1.16100E+03
 3.62978E+03	 1.08100E+03
 3.63151E+03	 1.11000E+03
 3.63325E+03	 1.09500E+03
 3.63499E+03	 1.08200E+03
 3.63673E+03	 1.07100E+03
 3.63846E+03	 1.11200E+03
 3.64020E+03	 1.05000E+03
 3.64193E+03	 1.05700E+03
 3.64367E+03	 1.05700E+03
 3.64540E+03	 1.03300E+03
 3.64714E+03	 1.01200E+03
 3.64887E+03	 1.03600E+03
 3.65061E+03	 1.01600E+03
 3.65234E+03	 1.01800E+03
 3.65407E+03	 9.69000E+02
 3.65580E+03	 9.83000E+02
 3.65754E+03	 9.69000E+02
 3.65927E+03	 9.70000E+02
 3.66100E+03	 9.72000E+02
 3.66273E+03	 9.77000E+02
 3.66446E+03	 9.24000E+02
 3.66619E+03	 9.13000E+02
 3.66792E+03	 9.16000E+02
 3.66965E+03	 9.03000E+02
 3.67138E+03	 8.93000E+02
 3.67311E+03	 9.20000E+02
 3.67483E+03	 8.89000E+02
 3.67656E+03	 8.79000E+02
 3.67829E+03	 8.81000E+02
 3.68001E+03	 8.77000E+02
 3.68174E+03	 8.64000E+02
 3.68347E+03	 8.58000E+02
 3.68519E+03	 8.44000E+02
 3.68692E+03	 8.57000E+02
 3.68864E+03	 8.21000E+02
 3.69036E+03	 8.61000E+02
 3.69209E+03	 8.16000E+02
 3.69381E+03	 8.04000E+02
 3.69554E+03	 8.30000E+02
 3.69726E+03	 8.08000E+02
 3.69898E+03	 8.20000E+02
 3.70070E+03	 7.95000E+02
 3.70242E+03	 7.75000E+02
 3.70414E+03	 7.92000E+02
 3.70586E+03	 7.68000E+02
 3.70758E+03	 7.60000E+02
 3.70930E+03	 7.73000E+02
 3.71102E+03	 7.75000E+02
 3.71274E+03	 7.53000E+02
 3.71446E+03	 7.50000E+02
 3.71618E+03	 7.79000E+02
 3.71790E+03	 7.56000E+02
 3.71961E+03	 7.66000E+02
 3.72133E+03	 7.32000E+02
 3.72305E+03	 7.72000E+02
 3.72476E+03	 7.40000E+02
 3.72648E+03	 7.54000E+02
 3.72819E+03	 7.66000E+02
 3.72991E+03	 7.40000E+02
 3.73162E+03	 7.33000E+02
 3.73334E+03	 7.68000E+02
 3.73505E+03	 7.44000E+02
 3.73676E+03	 7.39000E+02
 3.73848E+03	 7.35000E+02
 3.74019E+03	 7.18000E+02
 3.74190E+03	 7.60000E+02
 3.74361E+03	 7.32000E+02
 3.74532E+03	 6.94000E+02
 3.74704E+03	 7.72000E+02
 3.74875E+03	 7.26000E+02
 3.75046E+03	 7.43000E+02
 3.75217E+03	 7.44000E+02
 3.75387E+03	 7.16000E+02
 3.75558E+03	 7.18000E+02
 3.75729E+03	 7.46000E+02
 3.75900E+03	 7.34000E+02
 3.76071E+03	 7.18000E+02
 3.76242E+03	 7.48000E+02
 3.76412E+03	 7.25000E+02
 3.76583E+03	 7.29000E+02
 3.76753E+03	 6.98000E+02
 3.76924E+03	 7.05000E+02
 3.77095E+03	 7.40000E+02
 3.77265E+03	 7.32000E+02
 3.77435E+03	 7.03000E+02
 3.77606E+03	 6.99000E+02
 3.77776E+03	 7.16000E+02
 3.77947E+03	 7.07000E+02
 3.78117E+03	 6.94000E+02
 3.78287E+03	 7.27000E+02
 3.78457E+03	 7.31000E+02
 3.78628E+03	 7.16000E+02
 3.78798E+03	 6.87000E+02
 3.78968E+03	 7.25000E+02
 3.79138E+03	 7.14000E+02
 3.79308E+03	 7.02000E+02
 3.79478E+03	 7.02000E+02
 3.79648E+03	 7.14000E+02
 3.79818E+03	 7.13000E+02
 3.79987E+03	 7.25000E+02
 3.80157E+03	 7.16000E+02
 3.80327E+03	 7.19000E+02
 3.80497E+03	 7.15000E+02
 3.80667E+03	 6.89000E+02
 3.80836E+03	 7.23000E+02
 3.81006E+03	 7.20000E+02
 3.81175E+03	 7.11000E+02
 3.81345E+03	 7.09000E+02
 3.81514E+03	 7.06000E+02
 3.81684E+03	 7.04000E+02
 3.81853E+03	 7.02000E+02
 3.82023E+03	 6.91000E+02
 3.82192E+03	 7.08000E+02
 3.82361E+03	 6.98000E+02
 3.82531E+03	 7.07000E+02
 3.82700E+03	 7.16000E+02
 3.82869E+03	 7.15000E+02
 3.83038E+03	 7.09000E+02
 3.83207E+03	 7.21000E+02
 3.83376E+03	 6.99000E+02
 3.83545E+03	 6.92000E+02
 3.83714E+03	 7.11000E+02
 3.83883E+03	 7.18000E+02
 3.84052E+03	 6.83000E+02
 3.84221E+03	 7.03000E+02
 3.84390E+03	 7.07000E+02
 3.84559E+03	 7.25000E+02
 3.84728E+03	 7.03000E+02
 3.84896E+03	 6.94000E+02
 3.85065E+03	 7.37000E+02
 3.85234E+03	 7.08000E+02
 3.85402E+03	 7.19000E+02
 3.85571E+03	 6.98000E+02
 3.85739E+03	 7.13000E+02
 3.85908E+03	 7.01000E+02
 3.86076E+03	 7.42000E+02
 3.86245E+03	 6.94000E+02
 3.86413E+03	 7.03000E+02
 3.86581E+03	 7.01000E+02
 3.86750E+03	 7.23000E+02
 3.86918E+03	 7.14000E+02
 3.87086E+03	 6.86000E+02
 3.87254E+03	 7.17000E+02
 3.87423E+03	 6.98000E+02
 3.87591E+03	 6.90000E+02
 3.87759E+03	 6.88000E+02
 3.87927E+03	 6.98000E+02
 3.88095E+03	 7.08000E+02
 3.88263E+03	 7.02000E+02
 3.88431E+03	 7.10000E+02
 3.88598E+03	 7.29000E+02
 3.88766E+03	 7.11000E+02
 3.88934E+03	 7.08000E+02
 3.89102E+03	 7.15000E+02
 3.89270E+03	 7.27000E+02
 3.89437E+03	 7.43000E+02
 3.89605E+03	 7.26000E+02
 3.89773E+03	 7.53000E+02
 3.89940E+03	 7.25000E+02
 3.90108E+03	 7.00000E+02
 3.90275E+03	 7.23000E+02
 3.90443E+03	 7.17000E+02
 3.90610E+03	 7.08000E+02
 3.90777E+03	 7.12000E+02
 3.90945E+03	 7.16000E+02
 3.91112E+03	 7.07000E+02
 3.91279E+03	 6.94000E+02
 3.91447E+03	 6.86000E+02
 3.91614E+03	 7.17000E+02
 3.91781E+03	 7.06000E+02
 3.91948E+03	 7.10000E+02
 3.92115E+03	 7.18000E+02
 3.92282E+03	 7.24000E+02
 3.92449E+03	 6.94000E+02
 3.92616E+03	 7.23000E+02
 3.92783E+03	 7.02000E+02
 3.92950E+03	 7.16000E+02
